0 aeolian 0.06996048 -0.00711236 -0.03103950 -0.00891723 0.00404975 0.01094745 0.03539318 -0.00320559 0.00693910 -0.00532787 -0.02336288 -0.08922362 0.01797253 0.12103436 -0.00239716 -0.01477789 -0.01867165 -0.00576540 0.00843923 -0.01194574 0.02449317 0.01551141 0.00873866 -0.04955006 0.00031722 0.04654419 -0.00446053 0.03602507 -0.00006331 0.02915252 -0.00678919 0.01867619 -0.01597447 0.00410145 -0.06449521 0.00549722 -0.01145694 -0.05035304 -0.00398572 0.00218392 0.01270762 0.04863292 0.02995923 -0.05715545 -0.03376192 -0.07865274 0.01382717 0.00242731 0.03867430 -0.00877417 0.04498637 -0.00208722 -0.00926933 0.02587682 0.03340083 0.02620661 -0.03293329 -0.06852418 0.00435646 -0.01983109 -0.02410252 0.03640595 -0.00114674 -0.00912502;
1 crescendo 0.06996048 -0.00711236 -0.03103950 -0.00891722 0.00404975 0.01094745 0.03539318 -0.00320559 0.00693909 -0.00532787 -0.02336289 -0.08922363 0.01797253 0.12103433 -0.00239716 -0.01477789 -0.01867165 -0.00576540 0.00843923 -0.01194574 0.02449317 0.01551141 0.00873866 -0.04955006 0.00031722 0.04654419 -0.00446053 0.03602507 -0.00006331 0.02915252 -0.00678919 0.01867619 -0.01597447 0.00410145 -0.06449521 0.00549722 -0.01145694 -0.05035304 -0.00398572 0.00218392 0.01270762 0.04863292 0.02995923 -0.05715544 -0.03376192 -0.07865275 0.01382717 0.00242731 0.03867431 -0.00877417 0.04498637 -0.00208722 -0.00926933 0.02587682 0.03340082 0.02620661 -0.03293329 -0.06852418 0.00435646 -0.01983110 -0.02410251 0.03640595 -0.00114674 -0.00912502;
2 crescendo_to_decrescendo 0.06996048 -0.00711236 -0.03103950 -0.00891723 0.00404975 0.01094745 0.03539317 -0.00320559 0.00693910 -0.00532787 -0.02336288 -0.08922362 0.01797253 0.12103435 -0.00239716 -0.01477789 -0.01867165 -0.00576540 0.00843923 -0.01194574 0.02449317 0.01551141 0.00873866 -0.04955006 0.00031722 0.04654419 -0.00446053 0.03602507 -0.00006331 0.02915252 -0.00678919 0.01867619 -0.01597447 0.00410144 -0.06449521 0.00549722 -0.01145694 -0.05035304 -0.00398572 0.00218392 0.01270762 0.04863292 0.02995923 -0.05715545 -0.03376191 -0.07865274 0.01382717 0.00242731 0.03867430 -0.00877417 0.04498637 -0.00208722 -0.00926933 0.02587682 0.03340083 0.02620661 -0.03293329 -0.06852419 0.00435646 -0.01983109 -0.02410251 0.03640596 -0.00114674 -0.00912502;
3 decrescendo 0.06996048 -0.00711236 -0.03103950 -0.00891723 0.00404975 0.01094745 0.03539318 -0.00320559 0.00693910 -0.00532787 -0.02336288 -0.08922362 0.01797253 0.12103435 -0.00239716 -0.01477789 -0.01867165 -0.00576540 0.00843923 -0.01194574 0.02449317 0.01551141 0.00873866 -0.04955006 0.00031722 0.04654419 -0.00446053 0.03602507 -0.00006331 0.02915252 -0.00678919 0.01867619 -0.01597447 0.00410144 -0.06449521 0.00549722 -0.01145694 -0.05035304 -0.00398572 0.00218392 0.01270762 0.04863292 0.02995923 -0.05715545 -0.03376192 -0.07865274 0.01382717 0.00242731 0.03867430 -0.00877417 0.04498637 -0.00208722 -0.00926933 0.02587682 0.03340083 0.02620661 -0.03293329 -0.06852418 0.00435646 -0.01983110 -0.02410251 0.03640595 -0.00114674 -0.00912502;
4 flatterzunge 0.06996048 -0.00711236 -0.03103950 -0.00891722 0.00404975 0.01094745 0.03539318 -0.00320559 0.00693910 -0.00532787 -0.02336289 -0.08922363 0.01797253 0.12103433 -0.00239716 -0.01477789 -0.01867165 -0.00576540 0.00843923 -0.01194574 0.02449317 0.01551141 0.00873867 -0.04955006 0.00031722 0.04654419 -0.00446053 0.03602507 -0.00006331 0.02915252 -0.00678919 0.01867619 -0.01597447 0.00410145 -0.06449521 0.00549722 -0.01145694 -0.05035304 -0.00398572 0.00218392 0.01270762 0.04863293 0.02995924 -0.05715546 -0.03376193 -0.07865275 0.01382717 0.00242731 0.03867431 -0.00877416 0.04498637 -0.00208722 -0.00926933 0.02587682 0.03340083 0.02620661 -0.03293329 -0.06852418 0.00435646 -0.01983110 -0.02410251 0.03640596 -0.00114674 -0.00912502;
5 flatterzunge_to_ordinario 0.06996048 -0.00711236 -0.03103950 -0.00891722 0.00404975 0.01094745 0.03539318 -0.00320559 0.00693910 -0.00532787 -0.02336289 -0.08922362 0.01797253 0.12103433 -0.00239716 -0.01477789 -0.01867165 -0.00576540 0.00843923 -0.01194574 0.02449317 0.01551141 0.00873866 -0.04955006 0.00031722 0.04654419 -0.00446053 0.03602507 -0.00006331 0.02915252 -0.00678919 0.01867619 -0.01597447 0.00410145 -0.06449521 0.00549722 -0.01145694 -0.05035304 -0.00398572 0.00218392 0.01270762 0.04863293 0.02995924 -0.05715545 -0.03376193 -0.07865274 0.01382717 0.00242731 0.03867431 -0.00877416 0.04498637 -0.00208722 -0.00926933 0.02587682 0.03340083 0.02620661 -0.03293329 -0.06852418 0.00435646 -0.01983110 -0.02410252 0.03640595 -0.00114674 -0.00912502;
6 jet_whistle 0.06996044 -0.00711236 -0.03103951 -0.00891724 0.00404973 0.01094748 0.03539317 -0.00320559 0.00693909 -0.00532788 -0.02336286 -0.08922357 0.01797255 0.12103432 -0.00239715 -0.01477791 -0.01867164 -0.00576541 0.00843924 -0.01194574 0.02449319 0.01551141 0.00873865 -0.04955006 0.00031724 0.04654420 -0.00446054 0.03602507 -0.00006329 0.02915251 -0.00678921 0.01867619 -0.01597446 0.00410143 -0.06449520 0.00549721 -0.01145695 -0.05035302 -0.00398573 0.00218389 0.01270762 0.04863288 0.02995923 -0.05715542 -0.03376188 -0.07865273 0.01382717 0.00242731 0.03867427 -0.00877418 0.04498636 -0.00208722 -0.00926933 0.02587683 0.03340080 0.02620661 -0.03293330 -0.06852418 0.00435646 -0.01983107 -0.02410252 0.03640595 -0.00114675 -0.00912501;
7 multiphonics 0.06996047 -0.00711235 -0.03103950 -0.00891723 0.00404975 0.01094745 0.03539318 -0.00320559 0.00693910 -0.00532787 -0.02336288 -0.08922362 0.01797253 0.12103435 -0.00239716 -0.01477789 -0.01867165 -0.00576540 0.00843923 -0.01194574 0.02449317 0.01551141 0.00873866 -0.04955006 0.00031722 0.04654419 -0.00446053 0.03602507 -0.00006331 0.02915251 -0.00678919 0.01867619 -0.01597447 0.00410144 -0.06449521 0.00549722 -0.01145694 -0.05035305 -0.00398572 0.00218391 0.01270762 0.04863292 0.02995923 -0.05715544 -0.03376192 -0.07865274 0.01382717 0.00242731 0.03867429 -0.00877417 0.04498637 -0.00208722 -0.00926933 0.02587682 0.03340083 0.02620661 -0.03293329 -0.06852418 0.00435646 -0.01983109 -0.02410252 0.03640595 -0.00114674 -0.00912501;
8 ordinario 0.06996047 -0.00711236 -0.03103950 -0.00891723 0.00404974 0.01094746 0.03539317 -0.00320559 0.00693909 -0.00532787 -0.02336287 -0.08922361 0.01797254 0.12103434 -0.00239716 -0.01477790 -0.01867164 -0.00576540 0.00843923 -0.01194574 0.02449317 0.01551141 0.00873866 -0.04955006 0.00031722 0.04654420 -0.00446054 0.03602507 -0.00006330 0.02915251 -0.00678920 0.01867619 -0.01597446 0.00410144 -0.06449520 0.00549722 -0.01145694 -0.05035303 -0.00398573 0.00218391 0.01270762 0.04863292 0.02995923 -0.05715544 -0.03376190 -0.07865274 0.01382717 0.00242731 0.03867429 -0.00877417 0.04498636 -0.00208722 -0.00926933 0.02587682 0.03340082 0.02620661 -0.03293330 -0.06852417 0.00435646 -0.01983109 -0.02410251 0.03640595 -0.00114674 -0.00912501;
9 ordinario_to_flatterzunge 0.06996048 -0.00711236 -0.03103950 -0.00891723 0.00404975 0.01094745 0.03539317 -0.00320559 0.00693910 -0.00532787 -0.02336288 -0.08922362 0.01797253 0.12103433 -0.00239716 -0.01477789 -0.01867165 -0.00576540 0.00843923 -0.01194574 0.02449317 0.01551141 0.00873866 -0.04955006 0.00031722 0.04654419 -0.00446053 0.03602507 -0.00006331 0.02915252 -0.00678919 0.01867619 -0.01597447 0.00410144 -0.06449521 0.00549722 -0.01145694 -0.05035304 -0.00398572 0.00218391 0.01270762 0.04863292 0.02995924 -0.05715545 -0.03376192 -0.07865274 0.01382717 0.00242731 0.03867431 -0.00877417 0.04498637 -0.00208722 -0.00926933 0.02587682 0.03340082 0.02620661 -0.03293329 -0.06852418 0.00435646 -0.01983109 -0.02410251 0.03640595 -0.00114674 -0.00912502;
10 sforzato 0.06996047 -0.00711236 -0.03103950 -0.00891723 0.00404974 0.01094746 0.03539317 -0.00320559 0.00693910 -0.00532787 -0.02336288 -0.08922362 0.01797253 0.12103433 -0.00239716 -0.01477789 -0.01867165 -0.00576540 0.00843923 -0.01194574 0.02449317 0.01551141 0.00873866 -0.04955006 0.00031722 0.04654419 -0.00446054 0.03602507 -0.00006331 0.02915251 -0.00678919 0.01867619 -0.01597447 0.00410144 -0.06449521 0.00549722 -0.01145694 -0.05035304 -0.00398572 0.00218391 0.01270762 0.04863292 0.02995923 -0.05715544 -0.03376191 -0.07865274 0.01382717 0.00242731 0.03867429 -0.00877417 0.04498637 -0.00208722 -0.00926933 0.02587682 0.03340082 0.02620661 -0.03293329 -0.06852418 0.00435646 -0.01983109 -0.02410252 0.03640595 -0.00114674 -0.00912502;
11 staccato 0.06996048 -0.00711236 -0.03103950 -0.00891723 0.00404975 0.01094745 0.03539317 -0.00320559 0.00693910 -0.00532787 -0.02336288 -0.08922362 0.01797253 0.12103433 -0.00239716 -0.01477789 -0.01867165 -0.00576540 0.00843923 -0.01194573 0.02449317 0.01551141 0.00873866 -0.04955006 0.00031722 0.04654419 -0.00446053 0.03602507 -0.00006331 0.02915252 -0.00678919 0.01867619 -0.01597447 0.00410144 -0.06449521 0.00549722 -0.01145694 -0.05035304 -0.00398572 0.00218391 0.01270762 0.04863292 0.02995924 -0.05715546 -0.03376192 -0.07865274 0.01382717 0.00242731 0.03867430 -0.00877417 0.04498637 -0.00208722 -0.00926933 0.02587682 0.03340082 0.02620661 -0.03293329 -0.06852419 0.00435646 -0.01983110 -0.02410252 0.03640595 -0.00114674 -0.00912502;
12 tongue_ram-pizz 0.06996048 -0.00711236 -0.03103950 -0.00891723 0.00404975 0.01094745 0.03539317 -0.00320559 0.00693910 -0.00532787 -0.02336289 -0.08922362 0.01797253 0.12103434 -0.00239716 -0.01477789 -0.01867165 -0.00576540 0.00843923 -0.01194574 0.02449317 0.01551141 0.00873866 -0.04955006 0.00031722 0.04654419 -0.00446053 0.03602507 -0.00006331 0.02915252 -0.00678919 0.01867619 -0.01597447 0.00410144 -0.06449521 0.00549722 -0.01145694 -0.05035303 -0.00398572 0.00218392 0.01270762 0.04863292 0.02995923 -0.05715546 -0.03376192 -0.07865275 0.01382717 0.00242731 0.03867430 -0.00877416 0.04498637 -0.00208722 -0.00926933 0.02587682 0.03340083 0.02620661 -0.03293329 -0.06852418 0.00435646 -0.01983110 -0.02410252 0.03640595 -0.00114674 -0.00912502;
13 trill 0.06996049 -0.00711236 -0.03103950 -0.00891722 0.00404975 0.01094745 0.03539317 -0.00320559 0.00693910 -0.00532787 -0.02336289 -0.08922363 0.01797253 0.12103435 -0.00239716 -0.01477788 -0.01867165 -0.00576540 0.00843923 -0.01194574 0.02449317 0.01551141 0.00873867 -0.04955006 0.00031721 0.04654419 -0.00446053 0.03602507 -0.00006331 0.02915253 -0.00678919 0.01867619 -0.01597447 0.00410145 -0.06449521 0.00549722 -0.01145694 -0.05035304 -0.00398572 0.00218392 0.01270762 0.04863293 0.02995924 -0.05715546 -0.03376193 -0.07865275 0.01382717 0.00242731 0.03867431 -0.00877416 0.04498637 -0.00208722 -0.00926933 0.02587682 0.03340083 0.02620661 -0.03293329 -0.06852418 0.00435646 -0.01983110 -0.02410251 0.03640596 -0.00114673 -0.00912502;
